125
54 110
69 96
88 90
95 87
112 87
117 87
128 89
142 91
152 96
162 103
166 114
170 122
176 135
177 146
177 156
174 167
161 201
157 209
152 221
148 259
157 266
184 273
213 270
234 266
244 250
250 233
260 213
261 206
273 190
279 186
292 184
300 190
305 196
308 205
309 214
306 223
303 235
305 246
317 249
330 242
328 226
328 218
327 199
334 182
350 175
356 177
360 183
362 193
362 206
357 218
356 226
359 240
355 260
345 270
335 283
322 296
308 310
293 310
274 321
254 332
227 326
162 316
131 325
121 334
95 306
80 286
68 241
64 215
48 217
39 244
38 267
49 293
74 334
78 358
79 370
147 376
181 376
196 384
210 388
266 390
302 392
318 389
345 389
358 381
373 356
402 314
401 299
396 267
394 243
398 228
394 193
386 144
389 140
398 112
412 105
429 106
440 112
440 126
436 137
457 152
467 165
459 185
469 213
486 228
472 245
463 265
463 283
465 294
470 297
477 303
482 309
484 319
484 321
484 341
479 346
464 362
460 368
458 407
461 407
480 408
489 407
496 411
499 418
499 426
498 432